# Motion standard deviation as fraction of a overall prior variance
0.3

# Hidden Equilibrium Fraction
0.2

# Hidden Particles Time Constant
4.0

# Hidden weight
0.02

# Max number of mean shift iterations
20

# Spatial mean shift kernel width
5.0

# Mean shift positional tolerance
1.0

# Number of views
3

# Total number of structures
14

# Structure Names and Views
crux 1
apex 1 2
base 1
mitral_valve_end 1 2
mitral_valve_centre 1
tricuspid_valve_end 1
tricuspid_valve_centre 1
aortic_valve 2
aorta_3V 3
pulmonary_valve 3
trachea 3
SVC 3
spine 1 2 3
descending_aorta 1 2 3

# Start View
1
# Number of structures in this view
9

# Structure name
crux
# Fourier expansion order
3
# Systole Only
0
# Mean
-0.1315681463855773 0.011183638326381489 0.013876873295189914 -0.0018126145903551766 -0.06540009304332145 0.01458410645621816 0.0013961436977434616 -0.00064634572525538 -0.0059048901311663385 0.0018045741083806397 -0.000729332841566887 -0.0015389856375537395 -0.0007730856769557721 0.0006017190618666768
# Covariance
0.01176089473692125 -0.001859089364698324 -0.0006384052299510922 0.0001824343153485718 0.00046794954574983676 -0.00011789224143817383 -0.00022183996938260957 0.00012986087508758853 3.42663481955297e-05 1.7848213588058626e-05 -0.0001123986895221634 6.142589784891489e-05 3.810014046300042e-05 -1.185568854871129e-05
-0.001859089364698324 0.0034525704398163932 -6.548505260210186e-05 -6.112345927648665e-05 5.453034745311054e-07 0.00010212545550157003 0.00010976311749866389 -3.798641724458934e-05 4.026590927848681e-05 -3.402887169006789e-05 -7.320236669302755e-06 -4.485193988257526e-05 8.488474034116961e-07 -6.147647877603695e-06
-0.0006384052299510922 -6.548505260210186e-05 0.0012110812546800868 -0.000205579998396468 -5.6490446394771926e-05 2.0748788884862713e-05 -4.7771420498138324e-05 -5.477954520287126e-05 -1.1744644681506122e-05 -1.1993045851514626e-05 0.0001941704710972835 -4.386466341499816e-05 8.507363465579213e-05 -3.4320608828408556e-05
0.0001824343153485718 -6.112345927648665e-05 -0.000205579998396468 0.0007481764459949378 1.1884836197478685e-05 5.302198647066719e-05 -2.1133093905927413e-05 -7.115611968128751e-05 -1.3697797096026929e-05 -2.710968284575232e-05 -3.2625027668949956e-05 0.00012515755507266056 -2.6173689649046097e-05 5.704575370633208e-05
0.00046794954574983676 5.453034745311054e-07 -5.6490446394771926e-05 1.1884836197478685e-05 0.0007488507728798506 -0.00014875534525948304 -9.399955463449995e-05 7.460001830133159e-06 8.038593735434292e-05 -2.568626520185001e-05 3.5374329987471935e-05 1.4378775655643022e-05 1.9312573771346872e-05 -7.393398103945124e-06
-0.00011789224143817383 0.00010212545550157003 2.0748788884862713e-05 5.302198647066719e-05 -0.00014875534525948304 0.00034863799913650357 2.961672802056206e-05 -6.0457935095388566e-05 -2.1361381540066977e-05 7.588249605836729e-06 -5.4564957805864404e-06 2.3499815936364646e-05 -7.232302558609955e-06 2.2254848823138955e-05
-0.00022183996938260957 0.00010976311749866389 -4.7771420498138324e-05 -2.1133093905927413e-05 -9.399955463449995e-05 2.961672802056206e-05 0.00029230566657551156 -6.766612390716858e-05 5.9651302463855484e-05 -1.671230148241406e-06 -3.307673213668422e-05 -1.7668347042424575e-06 -5.252062592901081e-06 -5.8395686511229e-06
0.00012986087508758853 -3.798641724458934e-05 -5.477954520287126e-05 -7.115611968128751e-05 7.460001830133159e-06 -6.0457935095388566e-05 -6.766612390716858e-05 0.00016838503318375214 -1.0573699165122308e-05 2.2347634403770027e-05 -1.2630944508281068e-05 -2.736773175427758e-05 2.1515582308739624e-06 -8.880847610498797e-06
3.42663481955297e-05 4.026590927848681e-05 -1.1744644681506122e-05 -1.3697797096026929e-05 8.038593735434292e-05 -2.1361381540066977e-05 5.9651302463855484e-05 -1.0573699165122308e-05 0.00016481408701988367 -3.762356605180815e-05 -3.015876827025085e-05 1.74924398518768e-05 1.9866612762998416e-05 -4.669762377547779e-06
1.7848213588058626e-05 -3.402887169006789e-05 -1.1993045851514626e-05 -2.710968284575232e-05 -2.568626520185001e-05 7.588249605836729e-06 -1.671230148241406e-06 2.2347634403770027e-05 -3.762356605180815e-05 0.00010620650073827744 1.0802673820019207e-05 -1.2502653787655199e-05 -1.0840179549991104e-05 -8.225147506801094e-06
-0.0001123986895221634 -7.320236669302755e-06 0.0001941704710972835 -3.2625027668949956e-05 3.5374329987471935e-05 -5.4564957805864404e-06 -3.307673213668422e-05 -1.2630944508281068e-05 -3.015876827025085e-05 1.0802673820019207e-05 0.00012096185668480003 -2.8260589966985584e-05 1.902880245209127e-05 -4.270521245416667e-06
6.142589784891489e-05 -4.485193988257526e-05 -4.386466341499816e-05 0.00012515755507266056 1.4378775655643022e-05 2.3499815936364646e-05 -1.7668347042424575e-06 -2.736773175427758e-05 1.74924398518768e-05 -1.2502653787655199e-05 -2.8260589966985584e-05 7.776133887681894e-05 -4.191908434786667e-06 1.5144860287354447e-05
3.810014046300042e-05 8.488474034116961e-07 8.507363465579213e-05 -2.6173689649046097e-05 1.9312573771346872e-05 -7.232302558609955e-06 -5.252062592901081e-06 2.1515582308739624e-06 1.9866612762998416e-05 -1.0840179549991104e-05 1.902880245209127e-05 -4.191908434786667e-06 7.471836862820664e-05 -1.6657841081786527e-05
-1.185568854871129e-05 -6.147647877603695e-06 -3.4320608828408556e-05 5.704575370633208e-05 -7.393398103945124e-06 2.2254848823138955e-05 -5.8395686511229e-06 -8.880847610498797e-06 -4.669762377547779e-06 -8.225147506801094e-06 -4.270521245416667e-06 1.5144860287354447e-05 -1.6657841081786527e-05 6.310012930140724e-05

# Structure name
apex
# Fourier expansion order
0
# Systole Only
0
# Mean
1.0442814282986819 -0.019073542929785026
# Covariance
0.018935846145393665 0.00014102505173874697
0.00014102505173874697 0.0060196110545705835

# Structure name
base
# Fourier expansion order
0
# Systole Only
0
# Mean
-0.8377203979794268 0.06496683683991342
# Covariance
0.018503947291517858 -0.0045442666688077366
-0.0045442666688077366 0.016465411850548582

# Structure name
mitral_valve_end
# Fourier expansion order
3
# Systole Only
0
# Mean
-0.17086702203628815 0.7560445117416147 0.002494400583144635 -0.004624365533390363 -0.04744647470850839 0.0076012058656870505 -0.0014207214494175863 0.000641836561061044 -0.004135840427788228 -0.0013086935496664776 -0.00028018806979340685 0.0009220842386415887 -0.0024182917316498344 0.00036903447668516266
# Covariance
0.019459140292517767 0.0002310360711114105 -5.1603464470682016e-05 -0.00022765568286179985 -0.00024713325307058984 0.0010180361902951062 -8.060736252814696e-05 0.0002209214212246167 -9.009412271238982e-05 3.041536441057395e-06 -0.000241891620305518 9.628126397159383e-06 -0.00010611908969576459 3.251176453239365e-05
0.0002310360711114105 0.008695609911401492 -0.0002531682476979435 -0.00015853884167118493 0.0011817187846337104 0.00015776840642958579 7.186930401892493e-05 -3.709911813394119e-05 0.00019740212164696716 -3.059574284783591e-05 3.560277590080314e-05 -1.8733267212817335e-05 8.302681572049002e-05 1.2356969632603327e-05
-5.1603464470682016e-05 -0.0002531682476979435 0.0017909547011016567 -0.00016173745879636986 0.00012165071769589531 -2.1124310799800202e-05 -0.0002992220652080336 0.00011990305264931829 -5.212940293484129e-05 6.083529538653266e-05 0.00026201076625273403 -2.5431437130851567e-05 0.00018394465441999236 -4.056451859357057e-05
-0.00022765568286179985 -0.00015853884167118493 -0.00016173745879636986 0.000996624971594063 -1.8231573579113752e-05 7.241347021202828e-05 9.241593019953745e-05 -0.0001775930153257238 1.708012496856076e-05 -3.3242110146836826e-05 -3.7126179416358584e-05 0.00018913632163813224 -2.4961478667467e-05 8.29195516602849e-05
-0.00024713325307058984 0.0011817187846337104 0.00012165071769589531 -1.8231573579113752e-05 0.0016584392752906198 -0.0001063000121754412 4.5617446436346955e-06 4.34631781257693e-06 0.00011672712575428465 0.00011548379023069493 -2.5297536500829387e-05 5.1816496187839475e-06 6.651775712892443e-05 -8.301658689520051e-06
0.0010180361902951062 0.00015776840642958579 -2.1124310799800202e-05 7.241347021202828e-05 -0.0001063000121754412 0.000651985563364921 -1.2710426795658924e-05 -1.7879229355114046e-05 1.6514510898047028e-05 5.67678418420164e-06 -1.420967094713522e-05 -9.566247955032459e-06 4.758014921466149e-07 4.673565021793469e-05
-8.060736252814696e-05 7.186930401892493e-05 -0.0002992220652080336 9.241593019953745e-05 4.5617446436346955e-06 -1.2710426795658924e-05 0.00039434822115133416 -5.35534605160239e-05 3.3226924200344045e-05 -1.5858423127104687e-05 -9.978520045927702e-05 3.3366457421954906e-05 -3.898831915541555e-05 1.7724382809147586e-05
0.0002209214212246167 -3.709911813394119e-05 0.00011990305264931829 -0.0001775930153257238 4.34631781257693e-06 -1.7879229355114046e-05 -5.35534605160239e-05 0.00019473615873099784 -4.6134041851836453e-07 1.1628215270675868e-05 3.657981407688439e-05 -6.94478687807857e-05 2.0188541485860606e-05 -9.782806888103117e-06
-9.009412271238982e-05 0.00019740212164696716 -5.212940293484129e-05 1.708012496856076e-05 0.00011672712575428465 1.6514510898047028e-05 3.3226924200344045e-05 -4.6134041851836453e-07 0.00020752356504671695 -1.2754791499981848e-05 1.814862861403495e-06 -1.0079814369757731e-05 -2.7608614473284422e-06 9.169254040020126e-06
3.041536441057395e-06 -3.059574284783591e-05 6.083529538653266e-05 -3.3242110146836826e-05 0.00011548379023069493 5.67678418420164e-06 -1.5858423127104687e-05 1.1628215270675868e-05 -1.2754791499981848e-05 0.00015148590819041114 -7.993474281523263e-06 -1.226472734534111e-05 1.9183731617460488e-05 -1.8376683769144785e-05
-0.000241891620305518 3.560277590080314e-05 0.00026201076625273403 -3.7126179416358584e-05 -2.5297536500829387e-05 -1.420967094713522e-05 -9.978520045927702e-05 3.657981407688439e-05 1.814862861403495e-06 -7.993474281523263e-06 0.00018731759798548217 -2.434408243415356e-05 3.686074337652284e-05 -1.1206186015691048e-05
9.628126397159383e-06 -1.8733267212817335e-05 -2.5431437130851567e-05 0.00018913632163813224 5.1816496187839475e-06 -9.566247955032459e-06 3.3366457421954906e-05 -6.94478687807857e-05 -1.0079814369757731e-05 -1.226472734534111e-05 -2.434408243415356e-05 0.00012072898911587365 -1.0540938515972742e-05 2.0027258877089893e-05
-0.00010611908969576459 8.302681572049002e-05 0.00018394465441999236 -2.4961478667467e-05 6.651775712892443e-05 4.758014921466149e-07 -3.898831915541555e-05 2.0188541485860606e-05 -2.7608614473284422e-06 1.9183731617460488e-05 3.686074337652284e-05 -1.0540938515972742e-05 0.00011562177836164571 -1.4989653991321826e-05
3.251176453239365e-05 1.2356969632603327e-05 -4.056451859357057e-05 8.29195516602849e-05 -8.301658689520051e-06 4.673565021793469e-05 1.7724382809147586e-05 -9.782806888103117e-06 9.169254040020126e-06 -1.8376683769144785e-05 -1.1206186015691048e-05 2.0027258877089893e-05 -1.4989653991321826e-05 8.162435059223209e-05

# Structure name
mitral_valve_centre
# Fourier expansion order
3
# Systole Only
1
# Mean
-0.08872229560520595 0.3840150000370391 -0.003317685052396341 0.002146004527227287 -0.04653441694206512 0.01646209717183657 -0.014316507276771697 0.00561066521005396 -0.0003482680020302971 -0.0003786166621809754 -0.00535359635753281 0.002045640612254065 -0.007469801060797164 0.0035877257501591487
# Covariance
0.012945954154008123 0.0009351333023323616 -0.00027595503727228675 0.00017881369654883654 0.0009396101134381746 9.420394799437786e-06 0.00012704285927825167 4.9463745950252174e-05 4.77614645269473e-05 -0.000143878881417193 9.171419556855616e-06 4.673676647918001e-05 0.00023722213738188233 -1.5729555639250506e-05
0.0009351333023323616 0.003992748889189715 -0.0001267241079435154 9.530975254040776e-05 7.077395150494712e-05 2.9381249251892714e-05 -7.512382487956829e-05 -7.722508550745204e-05 8.576944762232149e-05 -0.00018682891021002667 -5.530635003772182e-05 9.146782616692025e-05 5.025691453274436e-05 2.443771097458201e-05
-0.00027595503727228675 -0.0001267241079435154 0.0004642726126910955 -5.62149340859333e-06 2.8638900753883817e-05 -2.854997241921782e-06 -7.18732118031299e-05 -8.332800226695928e-06 -0.0001928734295882263 1.1155673595289751e-05 0.00019588619549395977 -5.865887320036701e-06 1.2572768286079636e-06 3.959130621526809e-07
0.00017881369654883654 9.530975254040776e-05 -5.62149340859333e-06 0.0002671745312283514 -2.1478079309713158e-05 6.474875948934457e-05 -1.3031116113189504e-05 -8.415106238008802e-05 1.2802869546364265e-05 -0.00011993249985232609 -2.9573716588640072e-06 0.00011463059270342989 1.5745757099786553e-06 6.6322704483933735e-06
0.0009396101134381746 7.077395150494712e-05 2.8638900753883817e-05 -2.1478079309713158e-05 0.0007126152958581817 -9.907511635833072e-05 6.785385173171424e-05 -2.3681246844376197e-05 -9.693638517268906e-06 -3.030383373801028e-05 7.429629179557233e-05 3.8668286380814617e-07 0.00012298133418578132 -1.7253969537790146e-05
9.420394799437786e-06 2.9381249251892714e-05 -2.854997241921782e-06 6.474875948934457e-05 -9.907511635833072e-05 0.0003297687745551257 -1.1852750652212716e-05 1.071239997275926e-05 -1.9672922274123317e-05 -4.715461490946004e-05 -1.4470477936639111e-05 5.341297516484549e-05 -2.0494123069952064e-05 3.2017913699527024e-05
0.00012704285927825167 -7.512382487956829e-05 -7.18732118031299e-05 -1.3031116113189504e-05 6.785385173171424e-05 -1.1852750652212716e-05 0.00030652717932818415 -2.201761401016055e-05 4.346188284864831e-05 3.3746960016926284e-05 -4.6522901325017686e-05 -2.3125486336065627e-05 4.5177861254835066e-05 -4.422237114506965e-07
4.9463745950252174e-05 -7.722508550745204e-05 -8.332800226695928e-06 -8.415106238008802e-05 -2.3681246844376197e-05 1.071239997275926e-05 -2.201761401016055e-05 0.00018490900922260513 6.073695199228497e-06 6.757031710740513e-05 -2.996639122549261e-05 -7.137680783837546e-05 -1.241296006377291e-07 2.7436966161950388e-06
4.77614645269473e-05 8.576944762232149e-05 -0.0001928734295882263 1.2802869546364265e-05 -9.693638517268906e-06 -1.9672922274123317e-05 4.346188284864831e-05 6.073695199228497e-06 0.0002941945448774703 -2.027962213591541e-05 -0.000148301247017028 1.4900109170219865e-06 4.435879541645741e-06 -1.594283025342093e-05
-0.000143878881417193 -0.00018682891021002667 1.1155673595289751e-05 -0.00011993249985232609 -3.030383373801028e-05 -4.715461490946004e-05 3.3746960016926284e-05 6.757031710740513e-05 -2.027962213591541e-05 0.00018115389394862954 1.1452854685202814e-06 -8.917950739848748e-05 -1.4109916307544442e-05 -1.7537556555071044e-05
9.171419556855616e-06 -5.530635003772182e-05 0.00019588619549395977 -2.9573716588640072e-06 7.429629179557233e-05 -1.4470477936639111e-05 -4.6522901325017686e-05 -2.996639122549261e-05 -0.000148301247017028 1.1452854685202814e-06 0.0002348039472697864 1.2763717516646173e-06 2.7503775467975418e-05 1.9487653977938618e-06
4.673676647918001e-05 9.146782616692025e-05 -5.865887320036701e-06 0.00011463059270342989 3.8668286380814617e-07 5.341297516484549e-05 -2.3125486336065627e-05 -7.137680783837546e-05 1.4900109170219865e-06 -8.917950739848748e-05 1.2763717516646173e-06 0.00014090635609382096 7.5774866094093735e-06 1.4370583973241405e-05
0.00023722213738188233 5.025691453274436e-05 1.2572768286079636e-06 1.5745757099786553e-06 0.00012298133418578132 -2.0494123069952064e-05 4.5177861254835066e-05 -1.241296006377291e-07 4.435879541645741e-06 -1.4109916307544442e-05 2.7503775467975418e-05 7.5774866094093735e-06 0.0001577884127571324 -9.138403157812713e-06
-1.5729555639250506e-05 2.443771097458201e-05 3.959130621526809e-07 6.6322704483933735e-06 -1.7253969537790146e-05 3.2017913699527024e-05 -4.422237114506965e-07 2.7436966161950388e-06 -1.594283025342093e-05 -1.7537556555071044e-05 1.9487653977938618e-06 1.4370583973241405e-05 -9.138403157812713e-06 7.49898804802573e-05

# Structure name
tricuspid_valve_end
# Fourier expansion order
3
# Systole Only
0
# Mean
-0.15832824856827696 -0.7282611880896535 0.0199478244176988 0.0005828626819042456 -0.07658518472859036 0.011332056974819503 0.004638418135013865 -0.004414418772810755 -0.005562159713141837 0.0004534774224966591 0.0006955020691492846 -0.0011723207915209745 -0.0016895138077535165 -0.0011719865857385428
# Covariance
0.01965412772623631 0.0008192313468632331 -8.748245285744379e-05 0.00044846258449516484 0.0006003018246568999 -0.0016870442306718316 -0.00015031657905949879 0.0002730481223976695 7.41199670950681e-05 -6.689307375493403e-05 -3.780415937973901e-05 0.00014192970535399193 4.127004837894112e-05 -1.5973470286962877e-05
0.0008192313468632331 0.010348286855153193 0.000461927141044196 -2.7653100746458313e-05 -0.0016173877293206521 0.0008106551047306769 0.00016778872672846372 -0.00012474750347293023 -0.00017525402629637985 -7.377184746962704e-07 3.547666281034646e-05 -7.464976966160236e-05 -6.628510745209658e-05 -1.0211435000047577e-05
-8.748245285744379e-05 0.000461927141044196 0.0032269558242492193 0.00022984457307938401 -0.0003866036710544562 8.93248035938398e-05 -0.00019071980799315193 -0.00024939270062957424 -1.6989846873411922e-05 -0.0001054550192966933 0.00044266904386586664 0.00011958840691294013 0.000382672631664647 3.598126128002308e-06
0.00044846258449516484 -2.7653100746458313e-05 0.00022984457307938401 0.0015084767899171644 0.00013244976956598841 0.00017659489369586565 -0.00013142281453791576 -0.00022149527869478786 8.03040850090543e-06 -1.0697233889430008e-05 7.313090547717131e-05 0.00027172111435339795 4.896887031012003e-05 0.00016851517112521363
0.0006003018246568999 -0.0016173877293206521 -0.0003866036710544562 0.00013244976956598841 0.002443563822901809 -0.0002943895890201573 -0.0003305575620476177 0.00013453668898919096 0.00030684958952303926 -7.244415314764422e-05 -4.7396434462785916e-05 9.635129694008972e-05 3.369480820102104e-05 8.843840186004212e-05
-0.0016870442306718316 0.0008106551047306769 8.93248035938398e-05 0.00017659489369586565 -0.0002943895890201573 0.0008935235600759774 4.311958293344027e-05 -0.00017499021839463295 -1.581813721015187e-05 2.103680593621607e-05 2.2845982102654703e-05 -7.112837127018236e-06 7.548066990109533e-06 2.759281562398282e-05
-0.00015031657905949879 0.00016778872672846372 -0.00019071980799315193 -0.00013142281453791576 -0.0003305575620476177 4.311958293344027e-05 0.000627325527713329 1.3863975514144243e-06 4.8801236677590655e-05 2.04590252946003e-05 -5.796168125509183e-05 -3.7137322232046256e-05 -1.640159360856622e-06 -5.1330574461156024e-05
0.0002730481223976695 -0.00012474750347293023 -0.00024939270062957424 -0.00022149527869478786 0.00013453668898919096 -0.00017499021839463295 1.3863975514144243e-06 0.00032418861602375067 1.6722142126838148e-05 1.8251809879793466e-05 -1.8869686483019174e-05 -4.995246696867733e-05 -1.6910747404476717e-05 -3.188259188151649e-06
7.41199670950681e-05 -0.00017525402629637985 -1.6989846873411922e-05 8.03040850090543e-06 0.00030684958952303926 -1.581813721015187e-05 4.8801236677590655e-05 1.6722142126838148e-05 0.00038985613638403867 -4.829775593445107e-05 -9.890916767352177e-05 4.5153301918184585e-05 4.1356542423852215e-05 7.86306440753874e-06
-6.689307375493403e-05 -7.377184746962704e-07 -0.0001054550192966933 -1.0697233889430008e-05 -7.244415314764422e-05 2.103680593621607e-05 2.04590252946003e-05 1.8251809879793466e-05 -4.829775593445107e-05 0.00017708528061316278 5.084106100391863e-06 -4.178644087422656e-05 -1.5722140663802562e-05 4.584716113535604e-06
-3.780415937973901e-05 3.547666281034646e-05 0.00044266904386586664 7.313090547717131e-05 -4.7396434462785916e-05 2.2845982102654703e-05 -5.796168125509183e-05 -1.8869686483019174e-05 -9.890916767352177e-05 5.084106100391863e-06 0.00028975937989001636 -3.831788607671996e-06 6.443234485574389e-05 7.923008774078591e-06
0.00014192970535399193 -7.464976966160236e-05 0.00011958840691294013 0.00027172111435339795 9.635129694008972e-05 -7.112837127018236e-06 -3.7137322232046256e-05 -4.995246696867733e-05 4.5153301918184585e-05 -4.178644087422656e-05 -3.831788607671996e-06 0.00016409157709135964 1.971559055832244e-05 3.3845379925503816e-05
4.127004837894112e-05 -6.628510745209658e-05 0.000382672631664647 4.896887031012003e-05 3.369480820102104e-05 7.548066990109533e-06 -1.640159360856622e-06 -1.6910747404476717e-05 4.1356542423852215e-05 -1.5722140663802562e-05 6.443234485574389e-05 1.971559055832244e-05 0.00020756329115379619 -2.6330544858905702e-06
-1.5973470286962877e-05 -1.0211435000047577e-05 3.598126128002308e-06 0.00016851517112521363 8.843840186004212e-05 2.759281562398282e-05 -5.1330574461156024e-05 -3.188259188151649e-06 7.86306440753874e-06 4.584716113535604e-06 7.923008774078591e-06 3.3845379925503816e-05 -2.6330544858905702e-06 0.00011808846729515996

# Structure name
tricuspid_valve_centre
# Fourier expansion order
3
# Systole Only
1
# Mean
-0.05517034359539556 -0.36921457478899017 0.0008208313273838606 0.0009393593708080454 -0.056513747041233235 0.008932407465777595 -0.013072579639443511 0.001989035948041936 -0.003594550325193561 6.944332390922521e-05 -0.004180104885895193 0.0013463874387133225 -0.009305083566661257 0.0019972674945156334
# Covariance
0.009669722877767037 0.00036129986022230125 -0.00029593619293071563 0.0001072554148527241 0.0010150688748397766 -0.00019068820879225142 -0.00013236215472251222 -7.234610315831547e-06 0.0002277716448428192 -5.7995574009470086e-05 -0.00010557968094762485 0.00010729069081458598 0.0001483822381702469 -4.179475220884052e-05
0.00036129986022230125 0.004514399836761463 -0.0001015722469731998 0.0001270892393916027 0.0001947981054484417 -9.062290198767352e-05 9.398082414815657e-05 -0.00011350110628881604 9.864188839785597e-05 -0.00023544534420681922 -4.619588991466119e-06 2.385345239235034e-05 1.1137882984509137e-05 -2.8593481326074543e-05
-0.00029593619293071563 -0.0001015722469731998 0.00053959723545385 -6.450167627242167e-05 -2.610056131570656e-05 2.3449141083008877e-05 -8.913061159164067e-06 -4.504559705916416e-06 -0.00016686615915979477 1.8569887685687314e-05 0.00018807785301542705 -8.701435581476675e-06 5.540636503621724e-05 1.9718171304300995e-05
0.0001072554148527241 0.0001270892393916027 -6.450167627242167e-05 0.00041964959994990586 5.075391385690611e-05 9.941735710965057e-05 2.180242373154253e-05 -0.00010088807896360128 1.3581137224906225e-05 -0.00015688861129343676 -8.658865803982215e-06 0.00013452885939593755 1.9465541924061684e-05 2.0777770175142772e-05
0.0010150688748397766 0.0001947981054484417 -2.610056131570656e-05 5.075391385690611e-05 0.000942297906322713 -0.00012251572614171838 -4.62981647468029e-05 -1.3038041049126867e-05 8.829369182559759e-05 -5.9107970920077676e-05 2.7711150845217163e-05 2.689979609340919e-05 0.00011515329213059249 -1.732667871971409e-05
-0.00019068820879225142 -9.062290198767352e-05 2.3449141083008877e-05 9.941735710965057e-05 -0.00012251572614171838 0.0004033560441832385 2.7471282668512466e-05 -4.465748878498986e-06 -3.25435433339272e-05 -6.886102086573978e-05 -1.1302240220411083e-06 0.00010897502089702245 1.935409400238524e-05 6.009300543283754e-05
-0.00013236215472251222 9.398082414815657e-05 -8.913061159164067e-06 2.180242373154253e-05 -4.62981647468029e-05 2.7471282668512466e-05 0.00042338104200383896 -3.975455032597629e-05 3.9691339084936036e-05 -8.383307040731847e-06 -1.6068452751782336e-05 -7.68053060960079e-06 4.253044400096256e-05 1.9473280535159773e-06
-7.234610315831547e-06 -0.00011350110628881604 -4.504559705916416e-06 -0.00010088807896360128 -1.3038041049126867e-05 -4.465748878498986e-06 -3.975455032597629e-05 0.0002271364608044225 5.2343985191604285e-06 9.652153555913088e-05 -1.6753927283838907e-05 -9.183350264422575e-05 -1.1891927215531495e-05 -1.4598672645745467e-05
0.0002277716448428192 9.864188839785597e-05 -0.00016686615915979477 1.3581137224906225e-05 8.829369182559759e-05 -3.25435433339272e-05 3.9691339084936036e-05 5.2343985191604285e-06 0.0002898266115674545 -1.866362616741756e-05 -0.00011330105320603145 8.082143903205793e-06 -5.141886797304806e-07 -2.3306836742303822e-05
-5.7995574009470086e-05 -0.00023544534420681922 1.8569887685687314e-05 -0.00015688861129343676 -5.9107970920077676e-05 -6.886102086573978e-05 -8.383307040731847e-06 9.652153555913088e-05 -1.866362616741756e-05 0.00023202765557063385 1.4027951820335838e-06 -0.00011170697027702304 -1.670229693527571e-05 -2.8236226075356707e-05
-0.00010557968094762485 -4.619588991466119e-06 0.00018807785301542705 -8.658865803982215e-06 2.7711150845217163e-05 -1.1302240220411083e-06 -1.6068452751782336e-05 -1.6753927283838907e-05 -0.00011330105320603145 1.4027951820335838e-06 0.00022243168034294614 -1.1995927165637707e-05 2.1116045278824312e-05 -2.869897907318145e-06
0.00010729069081458598 2.385345239235034e-05 -8.701435581476675e-06 0.00013452885939593755 2.689979609340919e-05 0.00010897502089702245 -7.68053060960079e-06 -9.183350264422575e-05 8.082143903205793e-06 -0.00011170697027702304 -1.1995927165637707e-05 0.00021056633074483457 -1.6998797951845823e-06 4.650037058881427e-05
0.0001483822381702469 1.1137882984509137e-05 5.540636503621724e-05 1.9465541924061684e-05 0.00011515329213059249 1.935409400238524e-05 4.253044400096256e-05 -1.1891927215531495e-05 -5.141886797304806e-07 -1.670229693527571e-05 2.1116045278824312e-05 -1.6998797951845823e-06 0.00018403523585190033 -8.263048300385859e-06
-4.179475220884052e-05 -2.8593481326074543e-05 1.9718171304300995e-05 2.0777770175142772e-05 -1.732667871971409e-05 6.009300543283754e-05 1.9473280535159773e-06 -1.4598672645745467e-05 -2.3306836742303822e-05 -2.8236226075356707e-05 -2.869897907318145e-06 4.650037058881427e-05 -8.263048300385859e-06 0.00013300385622968888

# Structure name
spine
# Fourier expansion order
0
# Systole Only
0
# Mean
-1.2364203198638268 0.9963108135213216
# Covariance
0.03822715431771995 -0.00729571371162762
-0.00729571371162762 0.04833616945443913

# Structure name
descending_aorta
# Fourier expansion order
0
# Systole Only
0
# Mean
-0.9484094636019837 0.886579407861165
# Covariance
0.029911993983916654 -0.001332113002871749
-0.001332113002871749 0.021681557407323474

# Start View
2
# Number of structures in this view
5

# Structure name
apex
# Fourier expansion order
0
# Systole Only
0
# Mean
1.0628585161625361 0.015644846322037005
# Covariance
0.031932643492552926 0.003642731938144379
0.003642731938144379 0.013936457859408292

# Structure name
mitral_valve_end
# Fourier expansion order
3
# Systole Only
0
# Mean
-0.1205513784512192 0.7790842561556592 0.008511501081095336 -0.0009294190256026199 -0.041314191530438305 0.0001696024961641549 -0.00011383403217732268 0.0006030480290433823 -0.004045402588769706 0.0007270293099452046 -0.0006606235015079777 0.0013091552323131954 -0.0020365331621925516 0.00041483762415192945
# Covariance
0.020242037083418825 0.00288842677298694 -8.069010677099698e-05 -8.4129661810243e-05 0.00037694302862617237 0.0011412668653019177 -2.6689128843447628e-05 6.79598735042389e-05 -4.1437524214159585e-05 0.0001096864520017633 -7.205201546950165e-05 4.097516435868766e-05 0.00010018676901010911 0.00014436552732670157
0.00288842677298694 0.013565964554377313 -0.00027416539788225876 -0.00018606775555521702 0.0013488846832759654 0.00026355778609080414 -4.874907035672284e-05 2.259519010941213e-05 0.0001426127027111858 2.5951495635995925e-05 -3.2614714704585326e-05 -1.5329724939236758e-05 2.171111713391233e-05 4.8113332715500934e-05
-8.069010677099698e-05 -0.00027416539788225876 0.0013415958801518007 -2.8942549481237998e-05 1.6014513745576092e-05 -8.248168456109122e-05 -0.00032435378564291524 7.486147512637211e-05 -7.31634670749848e-05 -4.747835420800671e-06 0.00019886839210115907 2.2015476031329185e-06 0.00014188734634606304 -3.175491115338894e-06
-8.4129661810243e-05 -0.00018606775555521702 -2.8942549481237998e-05 0.0007824423620337415 -9.27453802166941e-05 6.31629777865231e-05 5.365122950328591e-05 -0.00015148039149499485 2.1640331710412016e-05 -4.402458418245903e-05 -1.106646119354316e-05 0.0001418485106727285 -4.743419415951064e-06 8.603101481153144e-05
0.00037694302862617237 0.0013488846832759654 1.6014513745576092e-05 -9.27453802166941e-05 0.0013012083527312185 7.937219454741199e-05 -9.092990936738273e-05 4.798346476078784e-06 6.596921839976652e-05 3.8868417439662035e-05 3.1272149084799e-05 -1.727965904120872e-05 5.704193501135412e-05 -1.4194136102533588e-05
0.0011412668653019177 0.00026355778609080414 -8.248168456109122e-05 6.31629777865231e-05 7.937219454741199e-05 0.0005333647302128912 8.272120050263616e-06 -4.1075263465935757e-05 2.5816328997925235e-05 3.280161841176517e-05 -2.134146576540339e-05 8.02160851171939e-06 -2.9481644402237666e-07 5.874186194678234e-05
-2.6689128843447628e-05 -4.874907035672284e-05 -0.00032435378564291524 5.365122950328591e-05 -9.092990936738273e-05 8.272120050263616e-06 0.00034299085161745835 -5.943018784491088e-06 5.1751514280892496e-05 -7.584323774775271e-07 -7.585212413691805e-05 1.2369631406090511e-05 -7.173505779948132e-05 1.2462197995290682e-05
6.79598735042389e-05 2.259519010941213e-05 7.486147512637211e-05 -0.00015148039149499485 4.798346476078784e-06 -4.1075263465935757e-05 -5.943018784491088e-06 0.0001771932458722206 -7.989770011450466e-06 1.7808747186822237e-05 1.9166110745947253e-05 -3.534520862352082e-05 8.38112782386415e-06 -2.3347717538049467e-05
-4.1437524214159585e-05 0.0001426127027111858 -7.31634670749848e-05 2.1640331710412016e-05 6.596921839976652e-05 2.5816328997925235e-05 5.1751514280892496e-05 -7.989770011450466e-06 0.0001792935960677686 1.4323370528646105e-05 -3.302479048027966e-05 -1.395607869522478e-06 -2.0505277465823627e-05 1.5035809496313943e-05
0.0001096864520017633 2.5951495635995925e-05 -4.747835420800671e-06 -4.402458418245903e-05 3.8868417439662035e-05 3.280161841176517e-05 -7.584323774775271e-07 1.7808747186822237e-05 1.4323370528646105e-05 0.00012003912596037418 1.911456651336201e-06 -1.3643961026845247e-05 5.811602728419641e-06 -1.2930074363345544e-05
-7.205201546950165e-05 -3.2614714704585326e-05 0.00019886839210115907 -1.106646119354316e-05 3.1272149084799e-05 -2.134146576540339e-05 -7.585212413691805e-05 1.9166110745947253e-05 -3.302479048027966e-05 1.911456651336201e-06 0.00012909080626463877 7.4868135013249504e-06 4.507961608831703e-05 -1.984318705028604e-06
4.097516435868766e-05 -1.5329724939236758e-05 2.2015476031329185e-06 0.0001418485106727285 -1.727965904120872e-05 8.02160851171939e-06 1.2369631406090511e-05 -3.534520862352082e-05 -1.395607869522478e-06 -1.3643961026845247e-05 7.4868135013249504e-06 8.684387524111013e-05 -3.5695151549530497e-06 2.0894860425734696e-05
0.00010018676901010911 2.171111713391233e-05 0.00014188734634606304 -4.743419415951064e-06 5.704193501135412e-05 -2.9481644402237666e-07 -7.173505779948132e-05 8.38112782386415e-06 -2.0505277465823627e-05 5.811602728419641e-06 4.507961608831703e-05 -3.5695151549530497e-06 0.0001213470773265102 3.3545455828000313e-06
0.00014436552732670157 4.8113332715500934e-05 -3.175491115338894e-06 8.603101481153144e-05 -1.4194136102533588e-05 5.874186194678234e-05 1.2462197995290682e-05 -2.3347717538049467e-05 1.5035809496313943e-05 -1.2930074363345544e-05 -1.984318705028604e-06 2.0894860425734696e-05 3.3545455828000313e-06 6.707502070275238e-05

# Structure name
aortic_valve
# Fourier expansion order
3
# Systole Only
0
# Mean
-0.1902851540327542 -0.003694189652155793 0.013083579657474656 -0.0065397045777346495 -0.053383473193970764 0.00990067772573224 0.0008026648550412662 -0.0011389210643412504 -0.003787295598477937 0.0039657854871765754 -0.0008135064191155645 -0.0014157213304158388 -0.0015934424019011719 0.00046767783274448887
# Covariance
0.01094079868923918 0.00011032321618457932 -0.00044184869753141696 -7.390936911992045e-05 0.00046976113961071 -0.00021545184357177005 -3.232281446224395e-05 6.560882525869648e-05 -6.280920812764268e-08 -6.142672401776935e-05 -1.8488118362102153e-05 -5.370463659563959e-06 2.0494487000438942e-05 6.700510246142003e-05
0.00011032321618457932 0.007005786505208083 -0.00022488923673593043 0.00021595097433078109 0.00012754989249208135 0.00044575703603526583 -8.747386521399121e-05 2.0753855284223696e-05 -5.370169084948129e-05 -7.05856330584255e-05 3.071279090693854e-05 -8.588424071725894e-06 -2.2008837877305186e-05 -4.502360677437008e-05
-0.00044184869753141696 -0.00022488923673593043 0.0010387229368411825 9.313766220663218e-05 -5.952808291557555e-05 2.521768178640565e-05 -0.0001891895166508152 -3.053694584441817e-05 -0.00015326083219284903 -1.6848926442358452e-05 9.997172705586822e-05 1.1732642027905038e-05 7.24876565209282e-05 1.9569434560000436e-05
-7.390936911992045e-05 0.00021595097433078109 9.313766220663218e-05 0.0006589783984496944 0.0001067024107460548 9.892679189664993e-05 -4.1793670850211256e-05 -0.00017021691030520925 -2.176431389268769e-05 -4.807119836272917e-05 3.983813197848944e-05 9.306516312672388e-05 1.503819946669137e-05 3.6883259239549667e-05
0.00046976113961071 0.00012754989249208135 -5.952808291557555e-05 0.0001067024107460548 0.0007841190698188033 2.715841767333649e-05 -3.820640951894527e-05 1.1780511680192655e-08 3.588833014476503e-05 -4.1983424770740094e-05 2.3908505075893014e-05 2.1556204629185712e-05 4.349690445484709e-05 1.4222017801080944e-05
-0.00021545184357177005 0.00044575703603526583 2.521768178640565e-05 9.892679189664993e-05 2.715841767333649e-05 0.0003189225407844454 1.2042559661446187e-05 -2.3135088312887972e-05 -1.9866335012876014e-05 -1.9680576878072422e-05 -2.8352218634510232e-06 5.324523712984451e-06 1.4526218229952317e-05 1.554876330815805e-05
-3.232281446224395e-05 -8.747386521399121e-05 -0.0001891895166508152 -4.1793670850211256e-05 -3.820640951894527e-05 1.2042559661446187e-05 0.0002758396872325178 -8.268715030097353e-06 6.076046089593318e-05 -2.009534969718862e-05 -5.811914586146786e-05 -6.411130008433872e-06 -2.7831702792398135e-05 -3.231945290478414e-06
6.560882525869648e-05 2.0753855284223696e-05 -3.053694584441817e-05 -0.00017021691030520925 1.1780511680192655e-08 -2.3135088312887972e-05 -8.268715030097353e-06 0.00016173964830801452 4.429761717779688e-06 2.3535108564000093e-05 -1.4385638776375626e-05 -4.47904356398132e-05 -2.959673757983644e-06 -2.317581750794784e-05
-6.280920812764268e-08 -5.370169084948129e-05 -0.00015326083219284903 -2.176431389268769e-05 3.588833014476503e-05 -1.9866335012876014e-05 6.076046089593318e-05 4.429761717779688e-06 0.00018948416860878518 3.974640531683329e-06 -1.4922042740415098e-05 -1.6715044611395123e-08 -2.6158386488273354e-05 -8.365772277558374e-06
-6.142672401776935e-05 -7.05856330584255e-05 -1.6848926442358452e-05 -4.807119836272917e-05 -4.1983424770740094e-05 -1.9680576878072422e-05 -2.009534969718862e-05 2.3535108564000093e-05 3.974640531683329e-06 0.00010898971197885173 1.8214082366885174e-06 -1.1763137903508522e-05 -1.3511245468644617e-05 -2.5454878683100487e-05
-1.8488118362102153e-05 3.071279090693854e-05 9.997172705586822e-05 3.983813197848944e-05 2.3908505075893014e-05 -2.8352218634510232e-06 -5.811914586146786e-05 -1.4385638776375626e-05 -1.4922042740415098e-05 1.8214082366885174e-06 0.00010688164957500546 1.5738468276515872e-05 1.9633821304850372e-05 2.0964426694539966e-06
-5.370463659563959e-06 -8.588424071725894e-06 1.1732642027905038e-05 9.306516312672388e-05 2.1556204629185712e-05 5.324523712984451e-06 -6.411130008433872e-06 -4.47904356398132e-05 -1.6715044611395123e-08 -1.1763137903508522e-05 1.5738468276515872e-05 6.734405255832176e-05 2.5683757477260017e-06 1.62114228911648e-05
2.0494487000438942e-05 -2.2008837877305186e-05 7.24876565209282e-05 1.503819946669137e-05 4.349690445484709e-05 1.4526218229952317e-05 -2.7831702792398135e-05 -2.959673757983644e-06 -2.6158386488273354e-05 -1.3511245468644617e-05 1.9633821304850372e-05 2.5683757477260017e-06 0.00010261078259491461 1.1018727580889954e-05
6.700510246142003e-05 -4.502360677437008e-05 1.9569434560000436e-05 3.6883259239549667e-05 1.4222017801080944e-05 1.554876330815805e-05 -3.231945290478414e-06 -2.317581750794784e-05 -8.365772277558374e-06 -2.5454878683100487e-05 2.0964426694539966e-06 1.62114228911648e-05 1.1018727580889954e-05 6.873521937680254e-05

# Structure name
spine
# Fourier expansion order
0
# Systole Only
0
# Mean
-1.2297251096962587 0.9104917880502773
# Covariance
0.04567334756825044 0.03114754192186311
0.03114754192186311 0.09901864836670375

# Structure name
descending_aorta
# Fourier expansion order
0
# Systole Only
0
# Mean
-0.9304849332372708 0.87090284099117
# Covariance
0.03325856866633875 0.01156677620923575
0.01156677620923575 0.03820431845642976

# Start View
3
# Number of structures in this view
6

# Structure name
aorta_3V
# Fourier expansion order
1
# Systole Only
0
# Mean
0.03159113964497301 -0.4203538163028814 0.0017790818088059513 -0.0029149618826794306 -0.008179039366845612 -0.0038014354805493743
# Covariance
0.013771142678142749 -0.0006445628452185074 2.030822648085e-05 8.80184900003455e-05 -4.718228472034589e-05 -0.00015963374939190783
-0.0006445628452185074 0.004885330773971747 2.086292209403088e-05 1.733359404545586e-05 6.377293485570351e-05 1.6836909938011112e-05
2.030822648085e-05 2.086292209403088e-05 0.000793967027279629 1.6028092169304496e-05 8.883315059790793e-05 -2.5282087626142134e-05
8.80184900003455e-05 1.733359404545586e-05 1.6028092169304496e-05 0.00033632890001712023 5.369570005385667e-05 4.2030357728921134e-05
-4.718228472034589e-05 6.377293485570351e-05 8.883315059790793e-05 5.369570005385667e-05 0.0004702341178128572 7.792026306803868e-05
-0.00015963374939190783 1.6836909938011112e-05 -2.5282087626142134e-05 4.2030357728921134e-05 7.792026306803868e-05 0.00022468972868593722

# Structure name
pulmonary_valve
# Fourier expansion order
1
# Systole Only
0
# Mean
0.10800531314033651 0.03628526885687976 0.00240283407919572 8.073081321051262e-05 -0.013037520341686239 -0.019435149282705302
# Covariance
0.03063949351092725 0.006015397861912022 0.00018770333136823854 -0.00023521743483951896 -0.0005580692155831757 -0.001104275615388295
0.006015397861912022 0.005382713291993756 0.00010293185458846592 -8.810462348231432e-05 -0.0002878253064813269 -0.00011523034406258815
0.00018770333136823854 0.00010293185458846592 0.0009329409066296143 9.93216749970368e-05 0.00016637669517951875 4.162164450272958e-06
-0.00023521743483951896 -8.810462348231432e-05 9.93216749970368e-05 0.0006382220877809423 3.5621773463261805e-05 9.317345974907766e-05
-0.0005580692155831757 -0.0002878253064813269 0.00016637669517951875 3.5621773463261805e-05 0.0008050888188392635 0.0002523473661909159
-0.001104275615388295 -0.00011523034406258815 4.162164450272958e-06 9.317345974907766e-05 0.0002523473661909159 0.0007057854638540341

# Structure name
trachea
# Fourier expansion order
0
# Systole Only
0
# Mean
-0.4717640140625619 -0.6144456202847428
# Covariance
0.006452924727282285 0.001359115873673903
0.001359115873673903 0.012645731395684577

# Structure name
SVC
# Fourier expansion order
1
# Systole Only
0
# Mean
-0.0469136557231943 -0.772633838725558 0.0035881965506853217 -0.0012124374154559262 -0.002387943823364699 -0.0047138570692234144
# Covariance
0.014804383905959874 -0.00032103663608672737 5.799958905747736e-05 3.481129513646404e-05 0.0003315220701981683 -0.0003360192524812142
-0.00032103663608672737 0.009404456267569116 3.5352017326572004e-05 5.879744992820094e-05 -7.551925622337095e-05 -0.00016995740767666525
5.799958905747736e-05 3.5352017326572004e-05 0.0006679086406098292 -1.2607805035498677e-06 4.345268430715724e-05 -3.428658144009159e-05
3.481129513646404e-05 5.879744992820094e-05 -1.2607805035498677e-06 0.0003527671371864194 5.840920799246774e-06 3.3831428540134234e-05
0.0003315220701981683 -7.551925622337095e-05 4.345268430715724e-05 5.840920799246774e-06 0.00032743871611483523 -5.238142696931856e-06
-0.0003360192524812142 -0.00016995740767666525 -3.428658144009159e-05 3.3831428540134234e-05 -5.238142696931856e-06 0.0002669041188703286

# Structure name
spine
# Fourier expansion order
0
# Systole Only
0
# Mean
-1.0439957488269889 -0.4485083061563235
# Covariance
0.05763266116904569 0.003684314895870743
0.003684314895870743 0.03042776899546609

# Structure name
descending_aorta
# Fourier expansion order
0
